{
 "cells": [
  {
   "cell_type": "markdown",
   "metadata": {},
   "source": [
    "## Stats507 Homework 10, May 2, 2019\n",
    "### Israel Diego\n",
    "#### israeldi@umich.edu\n",
    "\n",
    "This notebook shows solution to Problem 3, homework 10 for Stats507\n",
    "\n",
    "## Table of Contents\n",
    "\n",
    "1. [Problem 3: Building a Complicated Model](#Problem-3:-Building-a-Complicated-Model)"
   ]
  },
  {
   "cell_type": "markdown",
   "metadata": {},
   "source": [
    "### Problem 3: Building a Complicated Model\n",
    "#### Time Spent: \n",
    "#### ([Back to Top](#Table-of-Contents))\n",
    "\n",
    "The TensorFlow documentation includes tutorials on building a number of more complicated neural models in TensorFlow: https://www.tensorflow.org/tutorials/. In the left side panel, choose any one tutorial from under one of the headings \"ML at production scale\", \"Generative models\", \"Images\" or \"Sequences\" and follow it. Some of the tutorials include instructions along the lines of \"We didn't discuss this trick, try adding it!\". You do not need to do any of these additional steps (though you will certainly learn something if you do!). **Warning:** some of the tutorials require large amounts of training data. If this is the case, please do not include the training data in your submission! Instead, include a line of code to download the data from wherever it is stored. Also, some of the tutorials require especially long training time, (e.g., the neural models) so budget your time accordingly!\n",
    "\n",
    "Your submission for this problem should be a *separate* jupyter notebook called `tutorial.ipynb` (no need to include your uniqname), which includes code to load the training and test data, build and train a model, and evaluate that model on test data. That is, the code in `tutorial.ipynb` should perform all the training and testing steps performed in the tutorial, but without having to be run from the command line. Depending on which model you choose, training may take a long time if you use the preset number of training steps, so be sure to include a variable called `nsteps` that controls the number of training steps, and set it to be something moderately small for your submission.\n",
    "\n",
    "**Note:** it will not be enough to simply copy the tutorial's python code into your\n",
    "jupyter notebook, since the demo code supplied in the tutorials is meant to be run from\n",
    "the command line.\n",
    "\n",
    "**Another note:** If it was not clear, you are, for this problem and this problem only,\n",
    "permitted to copy-paste code from the TensorFlow tutorials as much as you like without\n",
    "penalty.\n",
    "\n",
    "**One more note:** Please make sure that in both `tutorial.ipynb` and your main submission notebook `uniqname.hw10.ipynb` you do not set any training times to be excessively long. You are free to set the number of training steps as you like for running on your own machine, but please set these parameters to something more reasonable in your submission so that we do not need to wait too long when running your notebook. Aim to set the number of training steps so that we can run each of your submitted notebooks less than a minute. "
   ]
  },
  {
   "cell_type": "code",
   "execution_count": 1,
   "metadata": {
    "scrolled": false
   },
   "outputs": [
    {
     "name": "stderr",
     "output_type": "stream",
     "text": [
      "/Users/israeldiego/anaconda3/lib/python3.6/site-packages/h5py/__init__.py:36: FutureWarning: Conversion of the second argument of issubdtype from `float` to `np.floating` is deprecated. In future, it will be treated as `np.float64 == np.dtype(float).type`.\n",
      "  from ._conv import register_converters as _register_converters\n"
     ]
    },
    {
     "name": "stdout",
     "output_type": "stream",
     "text": [
      "WARNING:tensorflow:From <ipython-input-1-e3e74318fa10>:118: load_dataset (from tensorflow.contrib.learn.python.learn.datasets) is deprecated and will be removed in a future version.\n",
      "Instructions for updating:\n",
      "Please use tf.data.\n",
      "WARNING:tensorflow:From /Users/israeldiego/anaconda3/lib/python3.6/site-packages/tensorflow/contrib/learn/python/learn/datasets/__init__.py:80: load_mnist (from tensorflow.contrib.learn.python.learn.datasets.mnist) is deprecated and will be removed in a future version.\n",
      "Instructions for updating:\n",
      "Please use alternatives such as official/mnist/dataset.py from tensorflow/models.\n",
      "WARNING:tensorflow:From /Users/israeldiego/anaconda3/lib/python3.6/site-packages/tensorflow/contrib/learn/python/learn/datasets/mnist.py:300: read_data_sets (from tensorflow.contrib.learn.python.learn.datasets.mnist) is deprecated and will be removed in a future version.\n",
      "Instructions for updating:\n",
      "Please use alternatives such as official/mnist/dataset.py from tensorflow/models.\n",
      "WARNING:tensorflow:From /Users/israeldiego/anaconda3/lib/python3.6/site-packages/tensorflow/contrib/learn/python/learn/datasets/mnist.py:260: maybe_download (from tensorflow.contrib.learn.python.learn.datasets.base) is deprecated and will be removed in a future version.\n",
      "Instructions for updating:\n",
      "Please write your own downloading logic.\n",
      "WARNING:tensorflow:From /Users/israeldiego/anaconda3/lib/python3.6/site-packages/tensorflow/contrib/learn/python/learn/datasets/mnist.py:262: extract_images (from tensorflow.contrib.learn.python.learn.datasets.mnist) is deprecated and will be removed in a future version.\n",
      "Instructions for updating:\n",
      "Please use tf.data to implement this functionality.\n",
      "Extracting MNIST-data/train-images-idx3-ubyte.gz\n",
      "WARNING:tensorflow:From /Users/israeldiego/anaconda3/lib/python3.6/site-packages/tensorflow/contrib/learn/python/learn/datasets/mnist.py:267: extract_labels (from tensorflow.contrib.learn.python.learn.datasets.mnist) is deprecated and will be removed in a future version.\n",
      "Instructions for updating:\n",
      "Please use tf.data to implement this functionality.\n",
      "Extracting MNIST-data/train-labels-idx1-ubyte.gz\n",
      "Extracting MNIST-data/t10k-images-idx3-ubyte.gz\n",
      "Extracting MNIST-data/t10k-labels-idx1-ubyte.gz\n",
      "WARNING:tensorflow:From /Users/israeldiego/anaconda3/lib/python3.6/site-packages/tensorflow/contrib/learn/python/learn/datasets/mnist.py:290: DataSet.__init__ (from tensorflow.contrib.learn.python.learn.datasets.mnist) is deprecated and will be removed in a future version.\n",
      "Instructions for updating:\n",
      "Please use alternatives such as official/mnist/dataset.py from tensorflow/models.\n",
      "INFO:tensorflow:Using default config.\n",
      "INFO:tensorflow:Using config: {'_model_dir': '/tmp/mnist_convnet_model', '_tf_random_seed': None, '_save_summary_steps': 100, '_save_checkpoints_steps': None, '_save_checkpoints_secs': 600, '_session_config': allow_soft_placement: true\n",
      "graph_options {\n",
      "  rewrite_options {\n",
      "    meta_optimizer_iterations: ONE\n",
      "  }\n",
      "}\n",
      ", '_keep_checkpoint_max': 5, '_keep_checkpoint_every_n_hours': 10000, '_log_step_count_steps': 100, '_train_distribute': None, '_device_fn': None, '_protocol': None, '_eval_distribute': None, '_experimental_distribute': None, '_service': None, '_cluster_spec': <tensorflow.python.training.server_lib.ClusterSpec object at 0x1c2addbb70>, '_task_type': 'worker', '_task_id': 0, '_global_id_in_cluster': 0, '_master': '', '_evaluation_master': '', '_is_chief': True, '_num_ps_replicas': 0, '_num_worker_replicas': 1}\n",
      "WARNING:tensorflow:From /Users/israeldiego/anaconda3/lib/python3.6/site-packages/tensorflow/python/estimator/inputs/queues/feeding_queue_runner.py:62: QueueRunner.__init__ (from tensorflow.python.training.queue_runner_impl) is deprecated and will be removed in a future version.\n",
      "Instructions for updating:\n",
      "To construct input pipelines, use the `tf.data` module.\n",
      "WARNING:tensorflow:From /Users/israeldiego/anaconda3/lib/python3.6/site-packages/tensorflow/python/estimator/inputs/queues/feeding_functions.py:500: add_queue_runner (from tensorflow.python.training.queue_runner_impl) is deprecated and will be removed in a future version.\n",
      "Instructions for updating:\n",
      "To construct input pipelines, use the `tf.data` module.\n",
      "INFO:tensorflow:Calling model_fn.\n",
      "INFO:tensorflow:Done calling model_fn.\n",
      "INFO:tensorflow:Create CheckpointSaverHook.\n",
      "INFO:tensorflow:Graph was finalized.\n",
      "INFO:tensorflow:Running local_init_op.\n",
      "INFO:tensorflow:Done running local_init_op.\n",
      "WARNING:tensorflow:From /Users/israeldiego/anaconda3/lib/python3.6/site-packages/tensorflow/python/training/monitored_session.py:804: start_queue_runners (from tensorflow.python.training.queue_runner_impl) is deprecated and will be removed in a future version.\n",
      "Instructions for updating:\n",
      "To construct input pipelines, use the `tf.data` module.\n",
      "INFO:tensorflow:Saving checkpoints for 0 into /tmp/mnist_convnet_model/model.ckpt.\n",
      "INFO:tensorflow:probabilities = [[0.09030557 0.10408935 0.09891335 0.10811025 0.09905653 0.09749416\n",
      "  0.0985439  0.11029126 0.09618059 0.09701503]\n",
      " [0.09845947 0.09164994 0.08737347 0.09785005 0.09850575 0.10425854\n",
      "  0.10303629 0.12102757 0.11553127 0.08230759]\n",
      " [0.09285598 0.10186591 0.09594569 0.10067748 0.10041263 0.10280559\n",
      "  0.10677005 0.10478341 0.09800877 0.09587448]\n",
      " [0.09375066 0.09299859 0.09597505 0.11290939 0.09579549 0.09188342\n",
      "  0.10353782 0.12209348 0.10299267 0.0880634 ]\n",
      " [0.11314783 0.0884776  0.11226802 0.08768346 0.09741254 0.1034275\n",
      "  0.10630043 0.10755004 0.10731006 0.07642238]\n",
      " [0.08964258 0.09420376 0.09523538 0.09906367 0.0999883  0.11443027\n",
      "  0.10065421 0.12144221 0.1015016  0.08383794]\n",
      " [0.09593055 0.09983881 0.10236374 0.10403902 0.09747982 0.09842098\n",
      "  0.09905534 0.11383903 0.10215473 0.08687797]\n",
      " [0.08527943 0.09240993 0.11270645 0.09943716 0.09771731 0.09918843\n",
      "  0.10622018 0.11666017 0.1048083  0.08557267]\n",
      " [0.10000292 0.08818157 0.10264086 0.09829859 0.10394175 0.10717811\n",
      "  0.10766197 0.10398734 0.10544109 0.08266585]\n",
      " [0.09269866 0.10007893 0.09898778 0.10377936 0.09920416 0.11235654\n",
      "  0.1012344  0.11300699 0.09739619 0.08125702]\n",
      " [0.09627558 0.09659644 0.11501062 0.09724894 0.08976013 0.0958504\n",
      "  0.10567906 0.12172688 0.10030185 0.08155014]\n",
      " [0.09187439 0.09619311 0.09671762 0.10925522 0.0924045  0.10617019\n",
      "  0.1044572  0.10855909 0.10595515 0.08841355]\n",
      " [0.09365206 0.0932539  0.10641364 0.09873661 0.10712025 0.09942552\n",
      "  0.10206171 0.10094598 0.10743248 0.09095778]\n",
      " [0.10376423 0.10182142 0.0894158  0.09548068 0.0942682  0.09479792\n",
      "  0.12073824 0.10857317 0.10516348 0.0859769 ]\n",
      " [0.09396186 0.09825307 0.1019605  0.09530963 0.09869429 0.10044691\n",
      "  0.10468764 0.10835349 0.11130161 0.08703098]\n",
      " [0.09750175 0.09467802 0.11090881 0.08415448 0.10072493 0.10060425\n",
      "  0.10952897 0.12048479 0.09247589 0.0889381 ]\n",
      " [0.08506907 0.10563739 0.10447633 0.10027672 0.10534772 0.10006256\n",
      "  0.09839175 0.10553578 0.1021697  0.09303307]\n",
      " [0.09850559 0.0984942  0.09337384 0.09108444 0.10030369 0.10074255\n",
      "  0.11460757 0.11506034 0.09934977 0.08847807]\n",
      " [0.10025012 0.10281703 0.09041729 0.0995864  0.0984307  0.10062445\n",
      "  0.1055492  0.10662575 0.10961357 0.08608545]\n",
      " [0.09623764 0.09323324 0.09808952 0.11379952 0.09026498 0.09614518\n",
      "  0.0982773  0.11648401 0.10936945 0.08809918]\n",
      " [0.10387862 0.10218177 0.08698663 0.11006581 0.09206511 0.10862259\n",
      "  0.09968393 0.11778638 0.09736425 0.08136486]\n",
      " [0.10049241 0.10096563 0.10184898 0.10004068 0.0904296  0.09777434\n",
      "  0.10310218 0.11725038 0.10100081 0.08709495]\n",
      " [0.08719743 0.10079768 0.1030187  0.09873901 0.11373141 0.09890185\n",
      "  0.09629934 0.10529109 0.09904305 0.09698044]\n",
      " [0.09969687 0.10461871 0.0947412  0.10576016 0.09339455 0.10284515\n",
      "  0.10070796 0.10780559 0.10234006 0.08808976]\n",
      " [0.09663003 0.09301312 0.10968488 0.08869997 0.09704614 0.11898646\n",
      "  0.10193927 0.11011551 0.09364129 0.09024332]\n",
      " [0.09407414 0.09817442 0.09754063 0.09012889 0.11136056 0.09167072\n",
      "  0.10189682 0.12285196 0.10285363 0.08944817]\n",
      " [0.09705961 0.0886768  0.10340254 0.10171144 0.09715372 0.09918137\n",
      "  0.1039647  0.11180866 0.09826396 0.09877721]\n",
      " [0.09801789 0.10062169 0.10172281 0.09481861 0.0871707  0.10479648\n",
      "  0.10967685 0.11353496 0.11132475 0.0783153 ]\n",
      " [0.08955427 0.09406015 0.10016166 0.09863251 0.09562826 0.11098168\n",
      "  0.10531091 0.10950071 0.10669631 0.08947355]\n",
      " [0.08635699 0.09929141 0.1068733  0.10833104 0.10111693 0.09676383\n",
      "  0.09636834 0.11001835 0.10472053 0.09015926]\n",
      " [0.0835513  0.09968419 0.09807093 0.10842848 0.10784721 0.10149016\n",
      "  0.0952089  0.10998388 0.1025297  0.0932053 ]\n",
      " [0.09080689 0.09782124 0.1060325  0.10462855 0.09205662 0.08680339\n",
      "  0.10672493 0.11937857 0.10664786 0.08909944]\n",
      " [0.08904023 0.11216514 0.08653285 0.10573167 0.0880289  0.10606921\n",
      "  0.10631473 0.11112227 0.10189861 0.09309632]\n",
      " [0.08817808 0.09367184 0.10787924 0.09399413 0.10626117 0.10095204\n",
      "  0.10617957 0.10619067 0.11280717 0.08388609]\n",
      " [0.10294405 0.09829554 0.09852122 0.09296954 0.09573183 0.09808655\n",
      "  0.10342496 0.10719273 0.12081642 0.08201718]\n",
      " [0.11122116 0.1039469  0.10208038 0.0874343  0.10036838 0.09651496\n",
      "  0.10456897 0.11091713 0.0966014  0.08634638]\n",
      " [0.1054225  0.10284029 0.10289497 0.09239723 0.1024992  0.09382778\n",
      "  0.10265007 0.11591513 0.09592634 0.0856265 ]\n",
      " [0.10817484 0.10895217 0.09297775 0.08482508 0.09346438 0.09849701\n",
      "  0.1016596  0.10536485 0.10448583 0.10159845]\n",
      " [0.08962858 0.09519717 0.09943564 0.09170885 0.09913324 0.10259376\n",
      "  0.10251687 0.11386906 0.11097671 0.09494018]\n",
      " [0.09027687 0.10100992 0.08455501 0.11203433 0.10282739 0.09043583\n",
      "  0.10584384 0.11624796 0.10673366 0.09003518]\n",
      " [0.10302474 0.09709951 0.09822392 0.09763529 0.09578279 0.09460405\n",
      "  0.11050139 0.10916113 0.10946148 0.08450565]\n",
      " [0.10723197 0.10957099 0.08685853 0.09554263 0.11218026 0.09446756\n",
      "  0.10216125 0.12251072 0.09217132 0.07730478]\n",
      " [0.08106674 0.09487843 0.09620465 0.09414665 0.11445872 0.10073097\n",
      "  0.10871621 0.12119472 0.10389792 0.08470505]\n",
      " [0.11284205 0.09606504 0.09480794 0.09838679 0.10182634 0.09217493\n",
      "  0.10513835 0.10370792 0.11179002 0.08326061]\n",
      " [0.10839537 0.08770842 0.11011566 0.10654329 0.08733413 0.10457582\n",
      "  0.10335845 0.10849065 0.1131334  0.07034488]\n",
      " [0.09261736 0.09770417 0.09951115 0.09685361 0.09488844 0.1110118\n",
      "  0.10961584 0.10803556 0.10237481 0.08738714]\n",
      " [0.09020203 0.09830466 0.09584596 0.10227519 0.10056578 0.10640737\n",
      "  0.10789813 0.1088585  0.09758527 0.09205713]\n",
      " [0.10589378 0.09269894 0.09597092 0.10448582 0.09844406 0.10099323\n",
      "  0.10252549 0.10433154 0.11023708 0.08441913]\n",
      " [0.10372923 0.0908635  0.09049586 0.08679189 0.10504472 0.09914375\n",
      "  0.11569259 0.11706381 0.11447724 0.07669739]\n",
      " [0.09981412 0.10785648 0.09652516 0.0934763  0.10260239 0.10272411\n",
      "  0.10497764 0.10773776 0.09618231 0.08810374]\n",
      " [0.07834169 0.10216769 0.09885507 0.10633442 0.10637441 0.10067075\n",
      "  0.10384379 0.10039311 0.10349724 0.09952181]\n",
      " [0.09163026 0.10678257 0.09573746 0.09328603 0.09853723 0.10729963\n",
      "  0.11081682 0.0989837  0.10439847 0.09252782]\n",
      " [0.10234885 0.09861078 0.1052926  0.08944981 0.09488574 0.10518742\n",
      "  0.1091342  0.10660043 0.10009945 0.08839072]\n",
      " [0.09746679 0.10423847 0.09853819 0.09443232 0.10613674 0.09389921\n",
      "  0.10987845 0.10546979 0.09981205 0.090128  ]\n",
      " [0.09185994 0.10300889 0.08415268 0.09284884 0.09659222 0.1066476\n",
      "  0.11413749 0.11118422 0.09826284 0.10130523]\n",
      " [0.09885052 0.10339668 0.09667312 0.10112541 0.09557338 0.10223418\n",
      "  0.10055557 0.10612716 0.1015554  0.09390865]\n",
      " [0.10449211 0.1011392  0.09520429 0.10196857 0.10104431 0.09689407\n",
      "  0.0960649  0.10603512 0.10677959 0.0903779 ]\n",
      " [0.09842391 0.08551431 0.10785124 0.10561675 0.09653104 0.11191543\n",
      "  0.09480987 0.10901412 0.10737924 0.08294408]\n",
      " [0.09788556 0.1066104  0.09185289 0.09238669 0.10246407 0.10154533\n",
      "  0.10439429 0.12269452 0.08978149 0.09038469]\n",
      " [0.09884327 0.10828805 0.08623289 0.12144364 0.11083715 0.09164039\n",
      "  0.09012388 0.1061544  0.09811857 0.08831771]\n",
      " [0.10552133 0.106106   0.10082125 0.09439474 0.0921381  0.10343608\n",
      "  0.10420921 0.1056294  0.10523871 0.08250521]\n",
      " [0.08904912 0.10299089 0.09146873 0.09294862 0.10153884 0.10187954\n",
      "  0.10116065 0.10501289 0.11438514 0.09956556]\n",
      " [0.09709247 0.10162497 0.08988483 0.08916259 0.09998006 0.10499554\n",
      "  0.11048011 0.11254339 0.09977218 0.09446387]\n",
      " [0.10220511 0.09807116 0.10582229 0.10762208 0.0935422  0.10619181\n",
      "  0.09547101 0.11243137 0.09887126 0.07977169]\n",
      " [0.09657284 0.1007193  0.09640524 0.09906641 0.09750267 0.09382815\n",
      "  0.10333176 0.11879305 0.10105024 0.09273034]\n",
      " [0.09507056 0.11011019 0.08666384 0.09749532 0.09998191 0.10274847\n",
      "  0.11737012 0.11521979 0.09706838 0.07827141]\n",
      " [0.09655334 0.10078362 0.09285975 0.09504424 0.10215899 0.10776005\n",
      "  0.10428283 0.11645736 0.09703035 0.08706943]\n",
      " [0.0911979  0.09973261 0.09198838 0.09968977 0.09962055 0.11850361\n",
      "  0.1018672  0.10003226 0.11011097 0.08725674]\n",
      " [0.08849503 0.09692017 0.10150572 0.08841566 0.12019632 0.08931182\n",
      "  0.11120535 0.11731141 0.10106885 0.08556969]\n",
      " [0.10047545 0.09900346 0.08677041 0.10593139 0.10441485 0.10430723\n",
      "  0.10174895 0.10607976 0.10168521 0.08958327]\n",
      " [0.09652054 0.09271746 0.09551241 0.09430026 0.09799393 0.10933757\n",
      "  0.10258741 0.11234354 0.10556168 0.09312522]\n",
      " [0.09850017 0.09788052 0.0856328  0.10779326 0.09496491 0.09793147\n",
      "  0.10805474 0.11488119 0.11236988 0.08199101]\n",
      " [0.08374645 0.1020251  0.10658089 0.09503283 0.09536652 0.10466912\n",
      "  0.09953748 0.10981747 0.1176909  0.08553324]\n",
      " [0.09146678 0.1018505  0.09366322 0.10453692 0.10389739 0.09757816\n",
      "  0.10042963 0.10832185 0.1140752  0.08418035]\n",
      " [0.10151102 0.09847299 0.1000833  0.10401253 0.09771013 0.10632943\n",
      "  0.09983096 0.10001107 0.10226111 0.08977748]\n",
      " [0.10157073 0.10012001 0.09890935 0.09017429 0.10018344 0.10408667\n",
      "  0.10206865 0.09836029 0.11294199 0.09158454]\n",
      " [0.09421543 0.09827443 0.10099169 0.10534351 0.09588747 0.10319176\n",
      "  0.10810059 0.09811328 0.1079513  0.08793058]\n",
      " [0.08447598 0.10021344 0.09983288 0.09418138 0.11164541 0.10430221\n",
      "  0.10546739 0.11470146 0.09164473 0.09353516]\n",
      " [0.1026513  0.10229181 0.09222436 0.09149142 0.09636127 0.10026233\n",
      "  0.10180233 0.11964406 0.10279592 0.09047518]\n",
      " [0.09929901 0.09958623 0.1035649  0.09710088 0.10034885 0.10837138\n",
      "  0.09123631 0.1131156  0.09815033 0.0892265 ]\n",
      " [0.08522688 0.09540477 0.10500783 0.10031644 0.09717659 0.1007752\n",
      "  0.1008068  0.11124009 0.10517868 0.09886672]\n",
      " [0.10180339 0.09321807 0.08567152 0.1097737  0.09729813 0.1133166\n",
      "  0.09059074 0.11254697 0.10720621 0.08857471]\n",
      " [0.09301727 0.09782682 0.09236795 0.0988275  0.09992649 0.09899229\n",
      "  0.10690939 0.11375076 0.10896688 0.08941463]\n",
      " [0.09211077 0.10087235 0.09589994 0.10821677 0.09064085 0.0963366\n",
      "  0.10872025 0.10393272 0.11375923 0.0895106 ]\n",
      " [0.09711664 0.10279763 0.1034536  0.10439543 0.08976024 0.09952734\n",
      "  0.10135315 0.11264119 0.10825288 0.08070194]\n",
      " [0.08692054 0.10403509 0.0970853  0.09774697 0.1068121  0.10064821\n",
      "  0.10452676 0.10731529 0.09683409 0.0980757 ]\n",
      " [0.08794808 0.09625631 0.10027781 0.10993811 0.10301621 0.09874547\n",
      "  0.10287521 0.11771595 0.09379258 0.08943424]\n",
      " [0.09666932 0.10502811 0.09451156 0.08612395 0.10676049 0.09745868\n",
      "  0.1102785  0.10645264 0.09918156 0.09753511]\n",
      " [0.0973561  0.09710395 0.10230603 0.09065579 0.10554746 0.09821385\n",
      "  0.09821928 0.11717901 0.10299139 0.09042714]\n",
      " [0.09763955 0.10112852 0.09360269 0.09511644 0.09770718 0.10467184\n",
      "  0.10564451 0.1066561  0.10633498 0.09149816]\n",
      " [0.10384739 0.0948191  0.09332387 0.10612783 0.10661821 0.10135306\n",
      "  0.1005451  0.09905933 0.10836701 0.08593912]\n",
      " [0.08732705 0.10294996 0.09544345 0.10455872 0.10251226 0.10039353\n",
      "  0.09824629 0.11185742 0.11093237 0.08577891]\n",
      " [0.1095729  0.09192237 0.09677729 0.09010892 0.09668312 0.10979006\n",
      "  0.1099128  0.10385682 0.10037128 0.09100439]\n",
      " [0.10416761 0.09776466 0.09637814 0.09046803 0.10409848 0.10405916\n",
      "  0.10698011 0.10340247 0.10349438 0.08918701]\n",
      " [0.10461325 0.09620079 0.09657548 0.09390183 0.09633004 0.08937283\n",
      "  0.1110544  0.12189844 0.10769009 0.08236279]\n",
      " [0.1018189  0.10444129 0.08287718 0.10290373 0.0976973  0.10043869\n",
      "  0.11580443 0.10957848 0.10014014 0.08429993]\n",
      " [0.10176003 0.09357014 0.10023905 0.10080338 0.0987896  0.10389804\n",
      "  0.10121337 0.11515608 0.09993807 0.08463223]\n",
      " [0.09360559 0.10252304 0.09957855 0.09839308 0.10098872 0.10735507\n",
      "  0.10723463 0.10204618 0.09032435 0.09795075]\n",
      " [0.08735918 0.09083424 0.09656205 0.0893632  0.11331277 0.09465651\n",
      "  0.11246938 0.12093984 0.09885082 0.09565209]\n",
      " [0.09012448 0.10407073 0.09027603 0.10141987 0.10046675 0.10987148\n",
      "  0.09797642 0.11371307 0.0998802  0.09220093]]\n"
     ]
    },
    {
     "name": "stdout",
     "output_type": "stream",
     "text": [
      "INFO:tensorflow:loss = 2.3084147, step = 1\n",
      "INFO:tensorflow:probabilities = [[0.09130936 0.0902095  0.09854567 0.10275336 0.10416055 0.09926388\n",
      "  0.10062259 0.10875795 0.10521689 0.0991602 ]\n",
      " [0.10352603 0.08814379 0.10601    0.08872351 0.10499515 0.09909759\n",
      "  0.10963844 0.11275917 0.10612132 0.08098497]\n",
      " [0.09694017 0.09915512 0.10257494 0.09731591 0.09283771 0.10079278\n",
      "  0.10613761 0.10634375 0.10167797 0.09622406]\n",
      " [0.0985686  0.10479892 0.09888628 0.09467955 0.10299761 0.11131835\n",
      "  0.10203283 0.10391858 0.09915855 0.08364079]\n",
      " [0.10120805 0.09459337 0.09316538 0.0916088  0.09840298 0.10946508\n",
      "  0.10964122 0.11231053 0.10724232 0.08236227]\n",
      " [0.09295839 0.10426626 0.10153885 0.10074852 0.09935129 0.10029729\n",
      "  0.0983675  0.09854157 0.10956354 0.09436677]\n",
      " [0.10461136 0.1110911  0.08465994 0.1056347  0.10403214 0.1052998\n",
      "  0.09585272 0.10437774 0.10372379 0.08071675]\n",
      " [0.08624576 0.09408287 0.10812771 0.10132071 0.10673719 0.1010447\n",
      "  0.1013698  0.10605495 0.09750073 0.09751553]\n",
      " [0.09333177 0.1143106  0.08812745 0.1006429  0.09901237 0.09982424\n",
      "  0.1159197  0.10705053 0.09723128 0.08454917]\n",
      " [0.1026395  0.09581947 0.09125409 0.10831377 0.09676105 0.10012797\n",
      "  0.09968635 0.11506587 0.09708814 0.09324382]\n",
      " [0.09658984 0.09829192 0.0977921  0.10415476 0.09501164 0.10117408\n",
      "  0.10151508 0.10647333 0.1078136  0.09118372]\n",
      " [0.0965442  0.09441505 0.09331907 0.10385696 0.10540891 0.11549949\n",
      "  0.09612634 0.10387406 0.10976926 0.08118667]\n",
      " [0.09900571 0.10131744 0.10291366 0.09086718 0.09355673 0.0998312\n",
      "  0.10317431 0.10901615 0.10464151 0.09567608]\n",
      " [0.10062747 0.10481968 0.09907694 0.10432615 0.09773297 0.09465927\n",
      "  0.09525146 0.10650431 0.10514861 0.09185306]\n",
      " [0.09233878 0.10563859 0.09098193 0.09092695 0.10259146 0.09926681\n",
      "  0.09579567 0.12550695 0.10525687 0.09169595]\n",
      " [0.08473191 0.11306524 0.09359673 0.10795683 0.10631211 0.10628944\n",
      "  0.09463561 0.10242432 0.10753314 0.0834547 ]\n",
      " [0.10217402 0.10901893 0.09414668 0.09891214 0.0968852  0.10364649\n",
      "  0.10009318 0.10263911 0.10542057 0.08706372]\n",
      " [0.09849482 0.09930308 0.09129453 0.09704842 0.09872362 0.10265058\n",
      "  0.11223733 0.10864113 0.10367788 0.08792858]\n",
      " [0.09392636 0.09331428 0.09666078 0.09882215 0.10327321 0.09623265\n",
      "  0.10065354 0.10096687 0.11503445 0.1011157 ]\n",
      " [0.09049089 0.09916288 0.09682937 0.09950387 0.11071713 0.10203364\n",
      "  0.11066591 0.10732354 0.0930552  0.09021754]\n",
      " [0.09297613 0.09536559 0.08939778 0.10709634 0.1041149  0.10330459\n",
      "  0.10419125 0.11046249 0.09470864 0.09838217]\n",
      " [0.09695231 0.10089571 0.09693425 0.09454712 0.09812141 0.09230293\n",
      "  0.10861326 0.10693647 0.11011333 0.09458317]\n",
      " [0.10349508 0.09028941 0.09280112 0.09571325 0.09809265 0.09879127\n",
      "  0.10183159 0.1082636  0.11782935 0.09289271]\n",
      " [0.08740456 0.09520396 0.0997252  0.09404322 0.10758871 0.10717267\n",
      "  0.10586644 0.11037266 0.10168711 0.09093547]\n",
      " [0.09332033 0.09158291 0.10102644 0.09926164 0.09849589 0.0990349\n",
      "  0.09916937 0.11605699 0.10819864 0.09385296]\n",
      " [0.10027023 0.09882358 0.0971144  0.10153778 0.09256417 0.10409172\n",
      "  0.11068716 0.1003601  0.10620227 0.0883485 ]\n",
      " [0.09031627 0.09159312 0.10491297 0.10081317 0.09357063 0.10858365\n",
      "  0.10324753 0.10712267 0.11322281 0.08661713]\n",
      " [0.08471856 0.11538107 0.0959999  0.09751115 0.09538364 0.09416966\n",
      "  0.11181161 0.10322135 0.10842605 0.09337709]\n",
      " [0.09250993 0.10988031 0.08731265 0.09769925 0.10484391 0.10036612\n",
      "  0.10026897 0.10656466 0.11264359 0.08791057]\n",
      " [0.10110094 0.09830002 0.09661501 0.09285062 0.10324971 0.10441784\n",
      "  0.10799306 0.10306599 0.10411387 0.08829293]\n",
      " [0.09524874 0.09615328 0.09835475 0.10839283 0.09537359 0.09398955\n",
      "  0.0986119  0.11658696 0.10140288 0.09588552]\n",
      " [0.09820226 0.09747712 0.09528122 0.09302325 0.09935959 0.10418151\n",
      "  0.11334526 0.10734662 0.09583075 0.09595242]\n",
      " [0.10185117 0.10060982 0.0888107  0.09438595 0.10180858 0.09965599\n",
      "  0.1081975  0.11674332 0.09813086 0.08980615]\n",
      " [0.08914813 0.10827845 0.09136973 0.10446087 0.10748233 0.09699636\n",
      "  0.10462894 0.10349698 0.10393562 0.09020259]\n",
      " [0.08834285 0.09484108 0.10434159 0.0972951  0.10306898 0.11135552\n",
      "  0.10422639 0.10685003 0.10031645 0.08936203]\n",
      " [0.0914074  0.09604011 0.09907647 0.10109986 0.10021811 0.10155965\n",
      "  0.10024761 0.1156158  0.10222544 0.09250959]\n",
      " [0.0996016  0.10215649 0.09707342 0.09390496 0.0970787  0.10521384\n",
      "  0.10163459 0.11448125 0.08886393 0.09999123]\n",
      " [0.09949681 0.10792125 0.09740379 0.08074906 0.09626991 0.11005797\n",
      "  0.10898042 0.10994316 0.10467176 0.0845058 ]\n",
      " [0.09608466 0.09893396 0.10079098 0.09871466 0.10439198 0.09888005\n",
      "  0.08926785 0.11130957 0.10070252 0.10092381]\n",
      " [0.09018757 0.08994262 0.08801895 0.1022423  0.10842524 0.10762858\n",
      "  0.10513444 0.11456069 0.09285998 0.10099972]\n",
      " [0.09679171 0.09772447 0.09355249 0.10583636 0.11105432 0.0980859\n",
      "  0.10035583 0.1117477  0.09564584 0.08920539]\n",
      " [0.0946948  0.09658366 0.09756194 0.10086036 0.10078216 0.09373283\n",
      "  0.10162486 0.11881591 0.10157784 0.09376558]\n",
      " [0.09667536 0.0951137  0.09318841 0.09217055 0.11072316 0.10389093\n",
      "  0.10563025 0.1024052  0.10675924 0.09344324]\n",
      " [0.09813818 0.0990304  0.09939566 0.10140881 0.09365373 0.09249566\n",
      "  0.09807105 0.10240546 0.11175142 0.10364965]\n",
      " [0.09864586 0.08522989 0.10596743 0.09423434 0.0943284  0.11307213\n",
      "  0.11032896 0.11756779 0.10334121 0.07728392]\n",
      " [0.09960968 0.10349866 0.09304404 0.10659134 0.10345133 0.09133126\n",
      "  0.10458238 0.11385227 0.09740172 0.08663728]\n",
      " [0.10452466 0.10071867 0.09323373 0.09981887 0.09409089 0.11275667\n",
      "  0.10797722 0.1164052  0.09502271 0.07545135]\n",
      " [0.09734226 0.0902404  0.09212311 0.08620129 0.10598618 0.09697467\n",
      "  0.11035252 0.11746191 0.1126105  0.09070719]\n",
      " [0.09926524 0.10364448 0.09502508 0.09524881 0.10087229 0.10083976\n",
      "  0.1077522  0.09500375 0.10983415 0.09251422]\n",
      " [0.09750207 0.09748447 0.10172154 0.09305596 0.10368455 0.10042463\n",
      "  0.10385858 0.10294982 0.10697375 0.09234457]\n",
      " [0.10562847 0.10164164 0.10263817 0.10207563 0.09498414 0.10155443\n",
      "  0.09686963 0.10619751 0.09252971 0.09588067]\n",
      " [0.10334239 0.08406565 0.10065695 0.09942126 0.08461511 0.10827657\n",
      "  0.09927726 0.12402939 0.10655687 0.08975852]\n",
      " [0.1125185  0.09479554 0.09392758 0.10407319 0.09021486 0.09618749\n",
      "  0.09327929 0.12410993 0.10943288 0.08146078]\n",
      " [0.09869088 0.10625346 0.09941183 0.08718497 0.09777194 0.09236345\n",
      "  0.10468281 0.12521651 0.10411523 0.08430896]\n",
      " [0.0988006  0.10398038 0.09718541 0.10560989 0.09401673 0.09872989\n",
      "  0.09841898 0.10069588 0.10888865 0.09367362]\n",
      " [0.10976858 0.10032924 0.09165366 0.09645986 0.10718209 0.09159743\n",
      "  0.10874664 0.10746119 0.10763697 0.07916427]\n",
      " [0.10293563 0.09313884 0.09120085 0.10479379 0.10863796 0.09012917\n",
      "  0.09897079 0.10581516 0.11659942 0.08777837]\n",
      " [0.10214383 0.10458154 0.09529655 0.10597566 0.10209347 0.09591239\n",
      "  0.09891227 0.11320677 0.09192763 0.08994988]\n",
      " [0.09665635 0.09966389 0.10319678 0.10515779 0.09086717 0.10268029\n",
      "  0.10252834 0.10423114 0.10280893 0.09220929]\n",
      " [0.10365246 0.10185245 0.09212636 0.09662191 0.1025572  0.0965853\n",
      "  0.10512797 0.11108692 0.10722857 0.08316083]\n",
      " [0.09496791 0.09797695 0.09732511 0.09888626 0.10070617 0.10348652\n",
      "  0.10678235 0.10700459 0.08964717 0.10321699]\n",
      " [0.09324887 0.10980412 0.09740973 0.10876213 0.10147729 0.09700751\n",
      "  0.08982071 0.10488676 0.0944615  0.10312145]\n",
      " [0.09548309 0.10811542 0.09259032 0.09142286 0.09589307 0.09811506\n",
      "  0.10968488 0.12523785 0.09764637 0.085811  ]\n",
      " [0.10042449 0.09153605 0.10550538 0.0980203  0.09416139 0.11212981\n",
      "  0.10578328 0.1057371  0.10922838 0.07747389]\n",
      " [0.09574349 0.10220877 0.09408019 0.09657081 0.09942336 0.09867473\n",
      "  0.10047934 0.10959497 0.10890631 0.09431801]\n",
      " [0.08674157 0.10639641 0.09305315 0.10822613 0.10139297 0.10248452\n",
      "  0.09803861 0.10997774 0.10006577 0.09362309]\n",
      " [0.0958818  0.10659903 0.09110676 0.09333145 0.09610938 0.10927941\n",
      "  0.11127419 0.10168776 0.10012859 0.09460153]\n",
      " [0.09274566 0.1016307  0.0928709  0.10332503 0.10173446 0.10642511\n",
      "  0.09611489 0.10735754 0.10366872 0.09412698]\n",
      " [0.09699448 0.10757929 0.09972958 0.10115074 0.09400244 0.09674947\n",
      "  0.10083739 0.09761149 0.11311079 0.09223428]\n",
      " [0.10062379 0.09427003 0.08875489 0.10888627 0.0867677  0.09870175\n",
      "  0.10708799 0.11285423 0.11040719 0.09164624]\n",
      " [0.10664686 0.09863741 0.09897864 0.09249391 0.09876021 0.10620704\n",
      "  0.09994845 0.10423362 0.09651614 0.0975778 ]\n",
      " [0.09904452 0.09534106 0.10633405 0.10039036 0.09319807 0.09825926\n",
      "  0.10756461 0.11788324 0.0997159  0.08226893]\n",
      " [0.09163956 0.09177987 0.09770488 0.09383556 0.10679654 0.10208777\n",
      "  0.11066584 0.10544805 0.11089616 0.08914579]\n",
      " [0.09244794 0.09997407 0.09781981 0.08780289 0.10858979 0.10322157\n",
      "  0.1106725  0.10923154 0.09867383 0.09156601]\n",
      " [0.10251465 0.08559988 0.09632327 0.09783801 0.09510167 0.09734576\n",
      "  0.11675147 0.11033136 0.11769709 0.08049683]\n",
      " [0.10981879 0.10583522 0.09480579 0.10564301 0.09867316 0.09082421\n",
      "  0.0955697  0.10220525 0.10658392 0.09004092]\n",
      " [0.09551817 0.10032759 0.11056226 0.09157174 0.08694877 0.10273225\n",
      "  0.10284287 0.11544446 0.10735048 0.08670138]\n",
      " [0.10340221 0.1047791  0.09412879 0.09397972 0.11554367 0.09717141\n",
      "  0.10671288 0.09409802 0.10531781 0.0848664 ]\n",
      " [0.08889698 0.10296774 0.09799019 0.10728092 0.10157631 0.10658904\n",
      "  0.09876877 0.09798591 0.10635332 0.09159087]\n",
      " [0.09491344 0.09075996 0.10092257 0.09294775 0.08876038 0.11264215\n",
      "  0.10316969 0.10871769 0.11257572 0.09459066]\n",
      " [0.10609432 0.09231357 0.09844191 0.09855768 0.10279234 0.09576616\n",
      "  0.1134709  0.10193636 0.11225596 0.07837081]\n",
      " [0.0897878  0.10838354 0.11231142 0.1039708  0.08844937 0.10151556\n",
      "  0.097464   0.0993008  0.09933954 0.09947711]\n",
      " [0.09940652 0.09858635 0.09993315 0.098463   0.10140861 0.10412882\n",
      "  0.09562438 0.1102962  0.10705394 0.08509908]\n",
      " [0.1001565  0.0975133  0.10549106 0.09580471 0.09797052 0.0995794\n",
      "  0.10088304 0.10667878 0.10815851 0.08776417]\n",
      " [0.10009636 0.09696618 0.09467549 0.10453528 0.10213267 0.09779689\n",
      "  0.10229372 0.10280126 0.10545269 0.09324955]\n",
      " [0.09016188 0.09336679 0.10524046 0.09854862 0.09641927 0.10030549\n",
      "  0.09906585 0.11099254 0.10958961 0.09630945]\n",
      " [0.09152872 0.1043795  0.09412403 0.09026938 0.09700079 0.11006152\n",
      "  0.10575476 0.10659587 0.11001106 0.09027439]\n",
      " [0.10100346 0.09837575 0.10354666 0.09889615 0.09815745 0.10306194\n",
      "  0.10310272 0.10687251 0.09868599 0.08829743]\n",
      " [0.10577986 0.10345726 0.09229209 0.10945327 0.10117983 0.09773951\n",
      "  0.09450155 0.09543826 0.11361279 0.08654556]\n",
      " [0.09241904 0.1081695  0.09208953 0.0926929  0.11290245 0.09262729\n",
      "  0.10078077 0.11390714 0.10212348 0.09228793]\n",
      " [0.09552644 0.08988488 0.10220734 0.10536508 0.10516879 0.10105681\n",
      "  0.10833178 0.11215012 0.10486556 0.07544317]\n",
      " [0.09384416 0.10573211 0.09404021 0.1015939  0.10156934 0.09897501\n",
      "  0.09124752 0.11711994 0.10674984 0.08912796]\n",
      " [0.09385146 0.1124936  0.0815936  0.09432541 0.10560895 0.09963292\n",
      "  0.10705016 0.11030224 0.10817903 0.08696273]\n",
      " [0.09744811 0.09552654 0.10055587 0.1026805  0.10726752 0.09893483\n",
      "  0.0950545  0.10798328 0.09571628 0.09883257]\n",
      " [0.09724209 0.09200854 0.10821976 0.0992024  0.10602748 0.09480368\n",
      "  0.09345005 0.11429137 0.09791991 0.09683473]\n",
      " [0.10518248 0.10675294 0.09826624 0.0978055  0.09052342 0.0878919\n",
      "  0.10718106 0.11047153 0.10417136 0.09175355]\n",
      " [0.10448904 0.09591779 0.10294425 0.09305654 0.09240503 0.10375916\n",
      "  0.10968412 0.09988832 0.1066229  0.0912329 ]\n",
      " [0.10680955 0.09524726 0.10128302 0.09360576 0.1015344  0.09593309\n",
      "  0.10644875 0.11173809 0.10369428 0.08370575]\n",
      " [0.084686   0.08856594 0.11048292 0.10590927 0.096531   0.10869091\n",
      "  0.0971773  0.11267154 0.09775753 0.09752756]\n",
      " [0.10405806 0.0983468  0.0966135  0.10710622 0.09591419 0.09153505\n",
      "  0.10831196 0.12422171 0.09820205 0.07569042]] (9.097 sec)\n"
     ]
    },
    {
     "name": "stdout",
     "output_type": "stream",
     "text": [
      "INFO:tensorflow:global_step/sec: 6.1143\n",
      "INFO:tensorflow:probabilities = [[0.1058318  0.09983793 0.10264479 0.09685817 0.09560951 0.09969047\n",
      "  0.10855571 0.11595753 0.10091355 0.07410055]\n",
      " [0.09909545 0.10512151 0.09914415 0.10634065 0.09328403 0.09427971\n",
      "  0.10412417 0.11332928 0.09757779 0.08770335]\n",
      " [0.08748218 0.11227356 0.09601685 0.10495044 0.10025964 0.09394071\n",
      "  0.10441182 0.10395736 0.10645841 0.09024899]\n",
      " [0.10084137 0.08738346 0.10507619 0.11775116 0.08191758 0.12079108\n",
      "  0.09948745 0.11009336 0.09608997 0.08056836]\n",
      " [0.09132738 0.10177633 0.09970776 0.09788419 0.09931518 0.10837041\n",
      "  0.10090438 0.10785089 0.09792358 0.09493995]\n",
      " [0.09406317 0.09088031 0.09611177 0.0948188  0.1097     0.08857381\n",
      "  0.10357198 0.11045725 0.11090741 0.10091543]\n",
      " [0.09995528 0.09748907 0.09849259 0.09624897 0.09436065 0.10144443\n",
      "  0.10599039 0.11608499 0.100313   0.08962066]\n",
      " [0.09696662 0.08685477 0.09775301 0.09861644 0.10740609 0.10654488\n",
      "  0.11042862 0.10553829 0.09424292 0.09564836]\n",
      " [0.09745511 0.10339332 0.09472292 0.10079247 0.10607146 0.09397335\n",
      "  0.09929663 0.09551287 0.1156656  0.09311619]\n",
      " [0.09808318 0.09323166 0.09372695 0.10091667 0.11039323 0.10547552\n",
      "  0.10973171 0.10096452 0.09930339 0.08817331]\n",
      " [0.09112559 0.09910458 0.0923783  0.0968731  0.11038388 0.103457\n",
      "  0.10136646 0.10671744 0.10069434 0.09789931]\n",
      " [0.09527496 0.10012674 0.09947383 0.10447555 0.09341646 0.09284998\n",
      "  0.10087954 0.1188396  0.10662137 0.08804198]\n",
      " [0.09141891 0.09915032 0.10147981 0.09633613 0.10695332 0.10267092\n",
      "  0.10182943 0.11224072 0.10089638 0.08702406]\n",
      " [0.09651565 0.09634135 0.09924663 0.10260508 0.08902112 0.09925948\n",
      "  0.09702896 0.11862216 0.10441479 0.09694471]\n",
      " [0.09542543 0.0941158  0.09692798 0.09423053 0.10272525 0.10138265\n",
      "  0.10625792 0.11183006 0.10773917 0.08936524]\n",
      " [0.09453156 0.08983541 0.10060217 0.11092388 0.09835867 0.11156308\n",
      "  0.09588896 0.10503602 0.10894754 0.08431268]\n",
      " [0.09643591 0.09622302 0.09839825 0.09252655 0.09618651 0.09909734\n",
      "  0.11211345 0.10712735 0.11107674 0.09081487]\n",
      " [0.09729232 0.09781481 0.09918249 0.09833722 0.10679258 0.10051078\n",
      "  0.10750681 0.10224505 0.09895729 0.09136064]\n",
      " [0.09839686 0.10095825 0.10419626 0.09638099 0.0917106  0.11173297\n",
      "  0.08717643 0.10500794 0.11079361 0.0936461 ]\n",
      " [0.09907612 0.10164522 0.08802948 0.08976177 0.09554748 0.10587315\n",
      "  0.10606295 0.10909355 0.10588392 0.09902634]\n",
      " [0.0898899  0.11050895 0.10351533 0.10750345 0.09338786 0.10531721\n",
      "  0.09492817 0.10271685 0.09548628 0.09674601]\n",
